Effects=
Techniques=AmbientLight@AmbientLight.fx,ColorMatrix@ColorMatrix.fx,FilmicPass@FilmicPass.fx,LevelsPlus@LevelsPlus.fx,Tonemap@Tonemap.fx,Vibrance@Vibrance.fx
TechniqueSorting=AmbientLight@AmbientLight.fx,ColorMatrix@ColorMatrix.fx,FilmicPass@FilmicPass.fx,LevelsPlus@LevelsPlus.fx,Tonemap@Tonemap.fx,Vibrance@Vibrance.fx

[AmbientLight.fx]
alAdapt=0.320000
alAdaptBaseBlackLvL=1
alAdaptBaseMult=1.000000
alDebug=0
alDirtInt=0.160000
alDirtOVInt=-0.200000
alInt=5.000000
alLensInt=0.520000
alLensThresh=0.500000
alThreshold=15.000000
AL_Adaptation=1
AL_Adaptive=2
AL_Dirt=0
AL_DirtTex=1
AL_Lens=0
AL_Vibrance=1

[ColorMatrix.fx]
ColorMatrix_Blue=0.200000,0.000000,0.850000
ColorMatrix_Green=0.200000,0.655000,0.250000
ColorMatrix_Red=0.800000,0.200000,0.000000
Strength=0.320000

[FilmicPass.fx]
BaseCurve=1.000000
BaseGamma=1.000000
Bleach=0.000000
BlueCurve=1.000000
Contrast=1.080000
EffectGamma=1.000000
EffectGammaB=1.000000
EffectGammaG=1.320000
EffectGammaR=1.000000
Fade=0.200000
GreenCurve=1.000000
Linearization=0.723200
LumCoeff=0.196078,0.078431,0.470588
RedCurve=1.000000
Saturation=-0.120000
Strength=0.520000

[LevelsPlus.fx]
ACESLuminancePercentage=46,14,56
ColorRangeShift=0.000000,0.000000,0.000000
ColorRangeShiftSwitch=0
enableACESFilmRec2020=0
enableACESFilmRec2020old=0
enableACESFitted=0
EnableLevels=4294967295
HighlightClipping=0
InputBlackPoint=0.011765,0.011765,0.011765
InputGamma=1.000000,1.000000,1.000000
InputWhitePoint=1.000000,1.000000,1.000000
OutputBlackPoint=0.000000,0.000000,0.000000
OutputWhitePoint=1.000000,1.000000,1.000000

[Tonemap.fx]
Bleach=0.960000
Defog=-0.016000
Exposure=-0.452000
FogColor=0.309804,0.027451,0.470588
Gamma=0.920000
Saturation=-0.000000

[Vibrance.fx]
Vibrance=0.24000
VibranceRGBBalance=1.000000,1.000000,1.000000

